-4.989485931396484375e+01
-2.245729446411132812e+01
-7.300144958496093750e+01
-2.943095779418945312e+01
-1.052777404785156250e+02
-3.365011978149414062e+01
-1.187400207519531250e+02
-3.398656463623046875e+01
-1.159250030517578125e+02
-3.392994308471679688e+01
-1.060359954833984375e+02
-3.462698364257812500e+01
-9.538648223876953125e+01
-3.485048675537109375e+01
-7.326058959960937500e+01
-3.224427032470703125e+01
-6.305110931396484375e+01
-2.753625488281250000e+01
-5.905365371704101562e+01
-2.096247673034667969e+01
-5.881313323974609375e+01
-1.249481773376464844e+01
-5.172266769409179688e+01
-8.715498924255371094e+00
-4.458693313598632812e+01
-6.472357749938964844e+00
-3.708036041259765625e+01
-5.192793846130371094e+00
-3.078012084960937500e+01
-4.098933696746826172e+00
-2.605884552001953125e+01
-3.334094047546386719e+00
-2.167097663879394531e+01
-3.247941017150878906e+00
-2.281821060180664062e+01
-3.539488315582275391e+00
-2.219871902465820312e+01
-3.629638671875000000e+00
-2.122547531127929688e+01
-3.343054771423339844e+00
-2.274193382263183594e+01
-3.351418733596801758e+00
-2.616801643371582031e+01
-3.471505641937255859e+00
-3.116148948669433594e+01
-5.007837295532226562e+00
-3.391921234130859375e+01
-6.477446556091308594e+00
-4.717765808105468750e+01
-8.246997833251953125e+00
-6.799642944335937500e+01
-1.120571804046630859e+01
-7.919363403320312500e+01
-1.368192100524902344e+01
-9.535926818847656250e+01
-1.924938964843750000e+01
-8.557554626464843750e+01
-3.281446838378906250e+01
-1.344163513183593750e+02
-4.370346069335937500e+01
-1.773563079833984375e+02
-4.881329345703125000e+01
-2.047627868652343750e+02
-4.988861846923828125e+01
-2.016903076171875000e+02
-5.067679977416992188e+01
-1.915507659912109375e+02
-5.192803192138671875e+01
-1.753241577148437500e+02
-5.261230468750000000e+01
-1.518837432861328125e+02
-5.008829498291015625e+01
-1.274604034423828125e+02
-4.384103775024414062e+01
-1.097164916992187500e+02
-3.473202514648437500e+01
-8.953341674804687500e+01
-2.211590003967285156e+01
-6.461059570312500000e+01
-1.278776073455810547e+01
-4.532015228271484375e+01
-8.067027091979980469e+00
-3.488088226318359375e+01
-5.391159534454345703e+00
-2.738785362243652344e+01
-4.049057960510253906e+00
-2.163852500915527344e+01
-3.510708808898925781e+00
-2.031731986999511719e+01
-3.505166053771972656e+00
-1.866985702514648438e+01
-3.649640560150146484e+00
-1.873406600952148438e+01
-4.038509368896484375e+00
-1.996422576904296875e+01
-4.416889190673828125e+00
-2.126313972473144531e+01
-4.310170173645019531e+00
-2.439994049072265625e+01
-4.221425056457519531e+00
-3.362203979492187500e+01
-6.204196929931640625e+00
-4.541075515747070312e+01
-9.711103439331054688e+00
-7.824279785156250000e+01
-1.480801105499267578e+01
-1.210446624755859375e+02
-2.115178871154785156e+01
-1.450821685791015625e+02
-2.579932022094726562e+01
-1.719621429443359375e+02
-3.208743667602539062e+01
-1.132065277099609375e+02
-3.900990295410156250e+01
-1.525840759277343750e+02
-4.984887695312500000e+01
-1.969588165283203125e+02
-5.520215606689453125e+01
-2.220348510742187500e+02
-5.719573974609375000e+01
-2.250760803222656250e+02
-5.796347427368164062e+01
-2.147280883789062500e+02
-5.936361312866210938e+01
-2.004160156250000000e+02
-5.932585144042968750e+01
-1.798902587890625000e+02
-5.685332489013671875e+01
-1.487217407226562500e+02
-5.098516464233398438e+01
-1.217901916503906250e+02
-4.137699890136718750e+01
-9.388488769531250000e+01
-2.708219337463378906e+01
-5.978800964355468750e+01
-1.358298206329345703e+01
-3.567039489746093750e+01
-6.786518096923828125e+00
-2.768548774719238281e+01
-4.483114242553710938e+00
-2.279453659057617188e+01
-4.192360877990722656e+00
-1.861775398254394531e+01
-3.890381097793579102e+00
-1.759692955017089844e+01
-3.541653394699096680e+00
-1.414164733886718750e+01
-2.553085803985595703e+00
-1.378352832794189453e+01
-2.719214916229248047e+00
-1.634877014160156250e+01
-3.548369646072387695e+00
-1.926780509948730469e+01
-4.094100475311279297e+00
-2.249058532714843750e+01
-4.370062351226806641e+00
-2.749089813232421875e+01
-6.039146423339843750e+00
-4.564414978027343750e+01
-1.164357757568359375e+01
-9.509960174560546875e+01
-1.994857788085937500e+01
-1.389399414062500000e+02
-2.789760017395019531e+01
-1.602514190673828125e+02
-3.210568237304687500e+01
-1.648026428222656250e+02
-3.541005706787109375e+01
-1.347603454589843750e+02
-4.119450378417968750e+01
-1.925405120849609375e+02
-5.418602371215820312e+01
-2.283716125488281250e+02
-6.103507232666015625e+01
-2.486235351562500000e+02
-6.334711456298828125e+01
-2.501022949218750000e+02
-6.464869689941406250e+01
-2.370166168212890625e+02
-6.509088897705078125e+01
-2.233040924072265625e+02
-6.382177734375000000e+01
-2.033536834716796875e+02
-6.136907577514648438e+01
-1.665594482421875000e+02
-5.658403396606445312e+01
-1.332017822265625000e+02
-4.780225372314453125e+01
-1.029346923828125000e+02
-3.134167289733886719e+01
-6.086540222167968750e+01
-1.373929977416992188e+01
-3.435884094238281250e+01
-6.581783771514892578e+00
-2.458840370178222656e+01
-4.378937244415283203e+00
-1.944500732421875000e+01
-4.220952510833740234e+00
-1.532898330688476562e+01
-3.373409509658813477e+00
-1.037925910949707031e+01
-1.497689247131347656e+00
-1.080285453796386719e+01
-1.224567294120788574e-01
-9.472743988037109375e+00
-3.859109580516815186e-01
-1.358552455902099609e+01
-2.318627595901489258e+00
-1.994479179382324219e+01
-4.170118331909179688e+00
-2.314435768127441406e+01
-4.914260864257812500e+00
-2.907844734191894531e+01
-6.156586170196533203e+00
-4.887684249877929688e+01
-1.104950904846191406e+01
-9.645764160156250000e+01
-1.912602996826171875e+01
-1.321502532958984375e+02
-2.515864181518554688e+01
-1.458287048339843750e+02
-2.724894905090332031e+01
-1.393496856689453125e+02
-2.929305076599121094e+01
-1.448094482421875000e+02
-4.040126800537109375e+01
-2.150398712158203125e+02
-5.554597854614257812e+01
-2.485950469970703125e+02
-6.500329589843750000e+01
-2.670434570312500000e+02
-6.851506042480468750e+01
-2.670267333984375000e+02
-7.037856292724609375e+01
-2.576114807128906250e+02
-7.106796264648437500e+01
-2.488081207275390625e+02
-7.027926635742187500e+01
-2.291512451171875000e+02
-6.806027984619140625e+01
-1.898294982910156250e+02
-6.359490203857421875e+01
-1.493046112060546875e+02
-5.438287353515625000e+01
-1.141208801269531250e+02
-3.527321624755859375e+01
-6.716083526611328125e+01
-1.491981792449951172e+01
-3.804348754882812500e+01
-7.099347114562988281e+00
-2.343641662597656250e+01
-4.373681068420410156e+00
-1.708104133605957031e+01
-3.889986991882324219e+00
-1.163375949859619141e+01
-2.200698852539062500e+00
-1.034586238861083984e+01
-2.107709646224975586e-02
-1.160666847229003906e+01
1.891555547714233398e+00
-1.024597835540771484e+01
1.332410097122192383e+00
-1.146473312377929688e+01
-9.459425210952758789e-01
-1.900048828125000000e+01
-3.504769325256347656e+00
-2.218303680419921875e+01
-4.579211235046386719e+00
-2.786157989501953125e+01
-5.308438301086425781e+00
-4.541098785400390625e+01
-8.752459526062011719e+00
-8.017265319824218750e+01
-1.593892574310302734e+01
-1.131389923095703125e+02
-2.081373214721679688e+01
-1.256820220947265625e+02
-2.157924079895019531e+01
-1.222896194458007812e+02
-2.281364631652832031e+01
-1.392915039062500000e+02
-3.872985839843750000e+01
-2.208394622802734375e+02
-5.485083007812500000e+01
-2.595083618164062500e+02
-6.631813049316406250e+01
-2.823330078125000000e+02
-7.199538421630859375e+01
-2.862741699218750000e+02
-7.466885375976562500e+01
-2.781502380371093750e+02
-7.612511444091796875e+01
-2.696024780273437500e+02
-7.584225463867187500e+01
-2.515695495605468750e+02
-7.421954345703125000e+01
-2.086081848144531250e+02
-6.942720031738281250e+01
-1.595853881835937500e+02
-5.965363311767578125e+01
-1.142897491455078125e+02
-3.871084594726562500e+01
-7.067762756347656250e+01
-1.630644607543945312e+01
-4.096559906005859375e+01
-7.899789333343505859e+00
-2.360498046875000000e+01
-4.538384437561035156e+00
-1.705723762512207031e+01
-4.458889007568359375e+00
-1.058038139343261719e+01
-2.355771780014038086e+00
-9.741382598876953125e+00
-1.673122644424438477e-01
-9.952221870422363281e+00
1.349336147308349609e+00
-1.042874240875244141e+01
9.556198120117187500e-01
-1.235735893249511719e+01
-9.940184950828552246e-01
-1.939771461486816406e+01
-3.476281642913818359e+00
-2.284990692138671875e+01
-4.557265281677246094e+00
-2.797351264953613281e+01
-5.046328067779541016e+00
-4.059827041625976562e+01
-7.332247734069824219e+00
-6.398819732666015625e+01
-1.279977989196777344e+01
-8.917133331298828125e+01
-1.713317680358886719e+01
-1.058311462402343750e+02
-1.816073036193847656e+01
-1.039375000000000000e+02
-1.812006378173828125e+01
-1.375204010009765625e+02
-3.841586685180664062e+01
-2.254849395751953125e+02
-5.475120162963867188e+01
-2.731945800781250000e+02
-6.695819091796875000e+01
-2.992450256347656250e+02
-7.358800506591796875e+01
-3.092189025878906250e+02
-7.827796173095703125e+01
-3.041960144042968750e+02
-8.058550262451171875e+01
-2.915425109863281250e+02
-8.047522735595703125e+01
-2.718754882812500000e+02
-7.845225524902343750e+01
-2.278542327880859375e+02
-7.283885192871093750e+01
-1.727147369384765625e+02
-6.248031616210937500e+01
-1.206390380859375000e+02
-4.195648574829101562e+01
-7.926381683349609375e+01
-1.757774734497070312e+01
-4.569630432128906250e+01
-8.469985008239746094e+00
-2.794084739685058594e+01
-5.211555957794189453e+00
-2.428069686889648438e+01
-5.790355682373046875e+00
-1.903034591674804688e+01
-4.847631454467773438e+00
-1.372597312927246094e+01
-2.425046443939208984e+00
-1.068019294738769531e+01
-9.674118757247924805e-01
-1.146978378295898438e+01
-1.204152107238769531e+00
-1.553969097137451172e+01
-2.417560338973999023e+00
-2.114211082458496094e+01
-4.054398536682128906e+00
-2.229936599731445312e+01
-4.367757320404052734e+00
-2.685163116455078125e+01
-4.687643051147460938e+00
-3.642699432373046875e+01
-6.026883125305175781e+00
-5.468891143798828125e+01
-1.037978267669677734e+01
-7.127738952636718750e+01
-1.404152488708496094e+01
-8.755168151855468750e+01
-1.525339031219482422e+01
-8.866036987304687500e+01
-1.566704273223876953e+01
-1.432046813964843750e+02
-3.985457229614257812e+01
-2.315229492187500000e+02
-5.602957534790039062e+01
-2.794569702148437500e+02
-6.726863098144531250e+01
-3.112282104492187500e+02
-7.390722656250000000e+01
-3.251030273437500000e+02
-7.985987854003906250e+01
-3.241589050292968750e+02
-8.282607269287109375e+01
-3.121656188964843750e+02
-8.273495483398437500e+01
-2.929656066894531250e+02
-8.057615661621093750e+01
-2.497012481689453125e+02
-7.463543701171875000e+01
-1.886108856201171875e+02
-6.451072692871093750e+01
-1.308744201660156250e+02
-4.528461456298828125e+01
-9.344946289062500000e+01
-1.966453170776367188e+01
-5.305307769775390625e+01
-9.204578399658203125e+00
-3.068553924560546875e+01
-5.288721084594726562e+00
-2.687161445617675781e+01
-5.661180973052978516e+00
-2.602607727050781250e+01
-5.724110126495361328e+00
-2.321295547485351562e+01
-4.702609062194824219e+00
-1.627478599548339844e+01
-3.408112525939941406e+00
-1.533504772186279297e+01
-3.017594575881958008e+00
-1.761892700195312500e+01
-3.474953413009643555e+00
-1.863192749023437500e+01
-3.847724437713623047e+00
-1.856458663940429688e+01
-3.669409036636352539e+00
-2.468839263916015625e+01
-4.132679939270019531e+00
-3.467299652099609375e+01
-5.265689849853515625e+00
-5.022185897827148438e+01
-8.740407943725585938e+00
-6.301141738891601562e+01
-1.216447448730468750e+01
-7.608980560302734375e+01
-1.409770393371582031e+01
-8.385298156738281250e+01
-1.500662994384765625e+01
-1.544923248291015625e+02
-4.127633285522460938e+01
-2.314866485595703125e+02
-5.723851394653320312e+01
-2.803209838867187500e+02
-6.762389373779296875e+01
-3.090584716796875000e+02
-7.296254730224609375e+01
-3.224619445800781250e+02
-7.843812561035156250e+01
-3.257477416992187500e+02
-8.201066589355468750e+01
-3.209687194824218750e+02
-8.243524169921875000e+01
-3.018605346679687500e+02
-8.048866271972656250e+01
-2.621705932617187500e+02
-7.487521362304687500e+01
-2.030444030761718750e+02
-6.558032226562500000e+01
-1.470999755859375000e+02
-4.895535278320312500e+01
-1.056794281005859375e+02
-2.589902877807617188e+01
-6.890763854980468750e+01
-1.185824298858642578e+01
-3.933249282836914062e+01
-6.079697608947753906e+00
-2.747699546813964844e+01
-4.677431583404541016e+00
-2.347598266601562500e+01
-4.701939582824707031e+00
-1.923871040344238281e+01
-4.398589134216308594e+00
-1.561452102661132812e+01
-3.564050674438476562e+00
-1.554226875305175781e+01
-3.227958679199218750e+00
-1.671388626098632812e+01
-3.378758430480957031e+00
-1.631945419311523438e+01
-3.289323329925537109e+00
-1.791314315795898438e+01
-3.103003501892089844e+00
-2.321939849853515625e+01
-3.367897510528564453e+00
-3.587379074096679688e+01
-4.938733100891113281e+00
-5.089379882812500000e+01
-8.407114028930664062e+00
-6.311328125000000000e+01
-1.153154850006103516e+01
-7.363315582275390625e+01
-1.391391372680664062e+01
-8.648358154296875000e+01
-1.568142509460449219e+01
-1.691249084472656250e+02
-4.306878280639648438e+01
-2.424246826171875000e+02
-5.895083999633789062e+01
-2.860588989257812500e+02
-6.826799011230468750e+01
-3.110476989746093750e+02
-7.175885009765625000e+01
-3.132570800781250000e+02
-7.608753967285156250e+01
-3.114617309570312500e+02
-7.948179626464843750e+01
-3.099272460937500000e+02
-8.048939514160156250e+01
-2.951574096679687500e+02
-7.880795288085937500e+01
-2.639409484863281250e+02
-7.376226806640625000e+01
-2.127140808105468750e+02
-6.561539459228515625e+01
-1.625494232177734375e+02
-5.185951614379882812e+01
-1.197849731445312500e+02
-3.187459564208984375e+01
-8.712843322753906250e+01
-1.581487083435058594e+01
-5.410528945922851562e+01
-8.649541854858398438e+00
-3.213886260986328125e+01
-4.925043106079101562e+00
-2.423064422607421875e+01
-3.909924745559692383e+00
-1.890603637695312500e+01
-3.587469100952148438e+00
-1.548229789733886719e+01
-3.242163658142089844e+00
-1.558865928649902344e+01
-3.273263931274414062e+00
-1.575986766815185547e+01
-3.361462831497192383e+00
-1.608939743041992188e+01
-3.255332469940185547e+00
-1.851275444030761719e+01
-3.086636066436767578e+00
-2.806241035461425781e+01
-3.526325225830078125e+00
-4.282584381103515625e+01
-5.141698360443115234e+00
-6.090115356445312500e+01
-8.675826072692871094e+00
-7.522415161132812500e+01
-1.179536151885986328e+01
-8.273460388183593750e+01
-1.471499347686767578e+01
-9.442389678955078125e+01
-1.843943023681640625e+01
-1.852500915527343750e+02
-4.413567352294921875e+01
-2.569257202148437500e+02
-6.056182479858398438e+01
-2.918964843750000000e+02
-6.839028930664062500e+01
-3.088665771484375000e+02
-7.051227569580078125e+01
-3.039857177734375000e+02
-7.320083618164062500e+01
-2.917964172363281250e+02
-7.627890014648437500e+01
-2.906378173828125000e+02
-7.777011108398437500e+01
-2.796165771484375000e+02
-7.624505615234375000e+01
-2.535949096679687500e+02
-7.205824279785156250e+01
-2.152438812255859375e+02
-6.493936920166015625e+01
-1.754410552978515625e+02
-5.382149505615234375e+01
-1.383864746093750000e+02
-3.736835861206054688e+01
-1.015056304931640625e+02
-2.054707717895507812e+01
-6.964118194580078125e+01
-1.207612228393554688e+01
-4.341979217529296875e+01
-6.655264854431152344e+00
-2.845440864562988281e+01
-4.201200008392333984e+00
-2.196852111816406250e+01
-3.611045360565185547e+00
-1.720325851440429688e+01
-3.389781475067138672e+00
-1.591135406494140625e+01
-3.437057018280029297e+00
-1.639188003540039062e+01
-3.465289115905761719e+00
-1.829828262329101562e+01
-3.532125711441040039e+00
-2.701033592224121094e+01
-4.283905029296875000e+00
-4.029210662841796875e+01
-5.286972999572753906e+00
-5.871048736572265625e+01
-7.077902793884277344e+00
-8.361180114746093750e+01
-1.074575138092041016e+01
-9.879277038574218750e+01
-1.469812583923339844e+01
-1.015813293457031250e+02
-1.778197860717773438e+01
-1.114886169433593750e+02
-2.274695205688476562e+01
-1.927021942138671875e+02
-4.412640762329101562e+01
-2.659039916992187500e+02
-6.234049987792968750e+01
-2.981835327148437500e+02
-6.937311553955078125e+01
-3.109300842285156250e+02
-7.012779235839843750e+01
-3.022886352539062500e+02
-7.175295257568359375e+01
-2.818319091796875000e+02
-7.416850280761718750e+01
-2.739988708496093750e+02
-7.539491271972656250e+01
-2.702726440429687500e+02
-7.428388977050781250e+01
-2.500326538085937500e+02
-7.119494628906250000e+01
-2.204389038085937500e+02
-6.521356964111328125e+01
-1.850458221435546875e+02
-5.634145355224609375e+01
-1.499078979492187500e+02
-4.246727371215820312e+01
-1.130553894042968750e+02
-2.610045242309570312e+01
-7.988179779052734375e+01
-1.419805812835693359e+01
-5.175216674804687500e+01
-8.002948760986328125e+00
-3.205942535400390625e+01
-4.789249897003173828e+00
-2.426309967041015625e+01
-3.703491926193237305e+00
-2.024955940246582031e+01
-3.483778476715087891e+00
-1.894093322753906250e+01
-3.495901107788085938e+00
-2.157085418701171875e+01
-3.961517095565795898e+00
-3.121622085571289062e+01
-5.399954319000244141e+00
-4.570669937133789062e+01
-7.078884124755859375e+00
-6.886263275146484375e+01
-8.813417434692382812e+00
-9.781809997558593750e+01
-1.167552566528320312e+01
-1.274319686889648438e+02
-1.579562759399414062e+01
-1.358861999511718750e+02
-1.906484222412109375e+01
-1.413162231445312500e+02
-2.238844680786132812e+01
-1.375153198242187500e+02
-2.938242340087890625e+01
-1.953330841064453125e+02
-4.312751770019531250e+01
-2.715303344726562500e+02
-6.263467788696289062e+01
-3.054934082031250000e+02
-7.001794433593750000e+01
-3.156470947265625000e+02
-6.970620727539062500e+01
-3.069380798339843750e+02
-7.042192840576171875e+01
-2.826718139648437500e+02
-7.210627746582031250e+01
-2.693972778320312500e+02
-7.291909027099609375e+01
-2.681037597656250000e+02
-7.222581481933593750e+01
-2.519541931152343750e+02
-6.989201354980468750e+01
-2.300675659179687500e+02
-6.523284912109375000e+01
-1.997029418945312500e+02
-5.785251998901367188e+01
-1.614494018554687500e+02
-4.582699203491210938e+01
-1.208295898437500000e+02
-3.000358963012695312e+01
-8.326773834228515625e+01
-1.573146057128906250e+01
-5.365827941894531250e+01
-8.851956367492675781e+00
-3.568168258666992188e+01
-5.322297573089599609e+00
-2.571763992309570312e+01
-4.064414978027343750e+00
-2.331525802612304688e+01
-3.856877565383911133e+00
-2.497073173522949219e+01
-4.521435737609863281e+00
-3.580089569091796875e+01
-6.289907455444335938e+00
-5.620489120483398438e+01
-9.074273109436035156e+00
-8.990147399902343750e+01
-1.219546127319335938e+01
-1.326679687500000000e+02
-1.685768127441406250e+01
-1.768490600585937500e+02
-2.107153701782226562e+01
-2.099779663085937500e+02
-2.432148170471191406e+01
-2.049714355468750000e+02
-2.918424987792968750e+01
-1.966154327392578125e+02
-3.270802307128906250e+01
-1.698043212890625000e+02
-3.816357421875000000e+01
-2.004003906250000000e+02
-4.235999679565429688e+01
-2.772539672851562500e+02
-6.205301666259765625e+01
-3.094413452148437500e+02
-7.008474731445312500e+01
-3.189858398437500000e+02
-6.991535949707031250e+01
-3.107429809570312500e+02
-7.059313201904296875e+01
-2.882319641113281250e+02
-7.226197814941406250e+01
-2.723136901855468750e+02
-7.234364318847656250e+01
-2.722781982421875000e+02
-7.186712646484375000e+01
-2.610146789550781250e+02
-7.024627685546875000e+01
-2.421868286132812500e+02
-6.675153350830078125e+01
-2.155608367919921875e+02
-6.063890075683593750e+01
-1.737445983886718750e+02
-5.001012420654296875e+01
-1.310676269531250000e+02
-3.431375122070312500e+01
-9.168421936035156250e+01
-1.906493759155273438e+01
-6.129989624023437500e+01
-9.570842742919921875e+00
-4.241299438476562500e+01
-6.808501243591308594e+00
-3.238523483276367188e+01
-5.678959846496582031e+00
-3.330784606933593750e+01
-6.108926296234130859e+00
-4.823649597167968750e+01
-8.516452789306640625e+00
-8.228775024414062500e+01
-1.201621055603027344e+01
-1.296117858886718750e+02
-1.759184074401855469e+01
-1.873747253417968750e+02
-2.486959266662597656e+01
-2.403993835449218750e+02
-3.458866119384765625e+01
-2.851531982421875000e+02
-4.039782714843750000e+01
-3.053916931152343750e+02
-4.340958786010742188e+01
-2.789364013671875000e+02
-4.338814926147460938e+01
-2.523729095458984375e+02
-4.325764083862304688e+01
-2.085237121582031250e+02
-4.506858825683593750e+01
-2.035388183593750000e+02
-4.109908294677734375e+01
-2.783897705078125000e+02
-6.040300750732421875e+01
-3.097093505859375000e+02
-7.006768035888671875e+01
-3.211282348632812500e+02
-7.104359436035156250e+01
-3.155534667968750000e+02
-7.221267700195312500e+01
-2.935823974609375000e+02
-7.353842926025390625e+01
-2.755198059082031250e+02
-7.318373870849609375e+01
-2.730694274902343750e+02
-7.223162841796875000e+01
-2.683874511718750000e+02
-7.094789886474609375e+01
-2.537738952636718750e+02
-6.801903533935546875e+01
-2.312539978027343750e+02
-6.299243164062500000e+01
-1.906211242675781250e+02
-5.423334884643554688e+01
-1.501839141845703125e+02
-4.005756378173828125e+01
-1.102982177734375000e+02
-2.534920120239257812e+01
-7.848093414306640625e+01
-1.384367847442626953e+01
-6.076036834716796875e+01
-9.879457473754882812e+00
-5.388343429565429688e+01
-9.533519744873046875e+00
-7.330554962158203125e+01
-1.136164283752441406e+01
-1.165322341918945312e+02
-1.611350440979003906e+01
-1.731866760253906250e+02
-2.342459869384765625e+01
-2.337413177490234375e+02
-3.349337387084960938e+01
-3.025826416015625000e+02
-4.488442611694335938e+01
-3.651955871582031250e+02
-5.414412689208984375e+01
-4.025692749023437500e+02
-5.942284393310546875e+01
-3.982744140625000000e+02
-5.962871932983398438e+01
-3.493748779296875000e+02
-5.625852203369140625e+01
-3.077359313964843750e+02
-5.331132507324218750e+01
-2.492265014648437500e+02
-5.236891174316406250e+01
-2.049942169189453125e+02
-4.021096420288085938e+01
-2.820932617187500000e+02
-5.911934661865234375e+01
-3.105335083007812500e+02
-6.932118225097656250e+01
-3.218228759765625000e+02
-7.164827728271484375e+01
-3.168776550292968750e+02
-7.360734558105468750e+01
-2.973695678710937500e+02
-7.491760253906250000e+01
-2.847097778320312500e+02
-7.479487609863281250e+01
-2.807352905273437500e+02
-7.361885070800781250e+01
-2.770009765625000000e+02
-7.242559814453125000e+01
-2.683789062500000000e+02
-7.025862121582031250e+01
-2.500311279296875000e+02
-6.629763793945312500e+01
-2.168507385253906250e+02
-5.877006149291992188e+01
-1.774350891113281250e+02
-4.697655105590820312e+01
-1.396599121093750000e+02
-3.336006546020507812e+01
-1.119667205810546875e+02
-2.202109909057617188e+01
-1.091866760253906250e+02
-1.635796165466308594e+01
-1.158538818359375000e+02
-1.672681427001953125e+01
-1.568983306884765625e+02
-2.100321197509765625e+01
-2.159770965576171875e+02
-2.832011985778808594e+01
-2.806657714843750000e+02
-3.954156494140625000e+01
-3.572073059082031250e+02
-5.308183288574218750e+01
-4.325468139648437500e+02
-6.545259094238281250e+01
-4.844849243164062500e+02
-7.264807891845703125e+01
-5.047247314453125000e+02
-7.514054870605468750e+01
-4.787918090820312500e+02
-7.250418853759765625e+01
-4.101510314941406250e+02
-6.633947753906250000e+01
-3.541605834960937500e+02
-6.179359054565429688e+01
-2.857014160156250000e+02
-5.834666824340820312e+01
-2.006845550537109375e+02
-3.920067596435546875e+01
-2.747855529785156250e+02
-5.813475799560546875e+01
-3.049315490722656250e+02
-6.942736816406250000e+01
-3.148555297851562500e+02
-7.257251739501953125e+01
-3.106188964843750000e+02
-7.476625061035156250e+01
-2.948911437988281250e+02
-7.593475341796875000e+01
-2.834759826660156250e+02
-7.530303192138671875e+01
-2.831230773925781250e+02
-7.431243896484375000e+01
-2.849423217773437500e+02
-7.351692199707031250e+01
-2.831265258789062500e+02
-7.224253845214843750e+01
-2.736695556640625000e+02
-6.956739807128906250e+01
-2.518236999511718750e+02
-6.372663116455078125e+01
-2.190774993896484375e+02
-5.479793930053710938e+01
-1.872702636718750000e+02
-4.412662887573242188e+01
-1.674808654785156250e+02
-3.422031021118164062e+01
-1.709992828369140625e+02
-2.928838729858398438e+01
-1.951670684814453125e+02
-2.932075119018554688e+01
-2.417233276367187500e+02
-3.531425476074218750e+01
-2.990435485839843750e+02
-4.472993469238281250e+01
-3.756986999511718750e+02
-5.760032653808593750e+01
-4.612642211914062500e+02
-7.125666809082031250e+01
-5.347445678710937500e+02
-8.152430725097656250e+01
-5.780809936523437500e+02
-8.708564758300781250e+01
-5.832459716796875000e+02
-8.724838256835937500e+01
-5.452913208007812500e+02
-8.287361145019531250e+01
-4.640674743652343750e+02
-7.459187316894531250e+01
-3.976397705078125000e+02
-6.852313995361328125e+01
-3.144345092773437500e+02
-6.381233215332031250e+01
-1.897966003417968750e+02
-3.707644653320312500e+01
-2.615947265625000000e+02
-5.595482635498046875e+01
-2.913302307128906250e+02
-6.844215393066406250e+01
-2.980067443847656250e+02
-7.194004821777343750e+01
-2.931317138671875000e+02
-7.401228332519531250e+01
-2.810586853027343750e+02
-7.512001037597656250e+01
-2.735737609863281250e+02
-7.441368865966796875e+01
-2.799724426269531250e+02
-7.424992370605468750e+01
-2.897037048339843750e+02
-7.421203613281250000e+01
-2.960365295410156250e+02
-7.370902252197265625e+01
-3.019975280761718750e+02
-7.233460998535156250e+01
-2.924109497070312500e+02
-6.771038818359375000e+01
-2.679473571777343750e+02
-6.116562652587890625e+01
-2.475585021972656250e+02
-5.339842987060546875e+01
-2.332128906250000000e+02
-4.569422912597656250e+01
-2.366745758056640625e+02
-4.174225616455078125e+01
-2.654145507812500000e+02
-4.278490447998046875e+01
-3.112056274414062500e+02
-4.916693878173828125e+01
-3.689884643554687500e+02
-5.884343338012695312e+01
-4.469468688964843750e+02
-7.115287780761718750e+01
-5.301697998046875000e+02
-8.266429138183593750e+01
-6.012100219726562500e+02
-9.214572143554687500e+01
-6.378314208984375000e+02
-9.658535766601562500e+01
-6.347561645507812500e+02
-9.594125366210937500e+01
-5.912055664062500000e+02
-9.047058105468750000e+01
-5.022260437011718750e+02
-8.054882812500000000e+01
-4.306498413085937500e+02
-7.383345031738281250e+01
-3.381871948242187500e+02
-6.834548950195312500e+01
-1.719247131347656250e+02
-3.436641693115234375e+01
-2.421137390136718750e+02
-5.310498046875000000e+01
-2.647029418945312500e+02
-6.462856292724609375e+01
-2.678483886718750000e+02
-6.807477569580078125e+01
-2.636203002929687500e+02
-6.990467834472656250e+01
-2.571623229980468750e+02
-7.105812072753906250e+01
-2.558739471435546875e+02
-7.111616516113281250e+01
-2.685039672851562500e+02
-7.210833740234375000e+01
-2.873323059082031250e+02
-7.345298004150390625e+01
-3.064982910156250000e+02
-7.449098205566406250e+01
-3.192041320800781250e+02
-7.422538757324218750e+01
-3.188020629882812500e+02
-7.115785217285156250e+01
-3.118036499023437500e+02
-6.686009216308593750e+01
-2.969729614257812500e+02
-6.071176147460937500e+01
-2.842411804199218750e+02
-5.420800781250000000e+01
-2.893406372070312500e+02
-5.148680114746093750e+01
-3.138960571289062500e+02
-5.265527343750000000e+01
-3.502817382812500000e+02
-5.891212463378906250e+01
-4.066047973632812500e+02
-6.800122070312500000e+01
-4.822127990722656250e+02
-7.879956817626953125e+01
-5.588881835937500000e+02
-8.951544952392578125e+01
-6.271674804687500000e+02
-9.789327239990234375e+01
-6.626223144531250000e+02
-1.018588027954101562e+02
-6.612595825195312500e+02
-1.015650863647460938e+02
-6.169638671875000000e+02
-9.539854431152343750e+01
-5.266062011718750000e+02
-8.484594726562500000e+01
-4.548869628906250000e+02
-7.779648590087890625e+01
-3.564399414062500000e+02
-7.242704772949218750e+01
-1.491979980468750000e+02
-3.057961273193359375e+01
-2.192113342285156250e+02
-4.875043487548828125e+01
-2.309747924804687500e+02
-5.910142898559570312e+01
-2.283552856445312500e+02
-6.229243469238281250e+01
-2.248009185791015625e+02
-6.366532516479492188e+01
-2.207352294921875000e+02
-6.456637573242187500e+01
-2.264036560058593750e+02
-6.575071716308593750e+01
-2.465794677734375000e+02
-6.817217254638671875e+01
-2.732633666992187500e+02
-7.097192382812500000e+01
-2.954635925292968750e+02
-7.373721313476562500e+01
-3.174339294433593750e+02
-7.510571289062500000e+01
-3.320189819335937500e+02
-7.385057067871093750e+01
-3.323350830078125000e+02
-7.055718994140625000e+01
-3.168798217773437500e+02
-6.496400451660156250e+01
-3.106069641113281250e+02
-5.976956939697265625e+01
-3.112464294433593750e+02
-5.675662231445312500e+01
-3.290242614746093750e+02
-5.777007675170898438e+01
-3.649024658203125000e+02
-6.375839996337890625e+01
-4.178617553710937500e+02
-7.248630523681640625e+01
-4.857998046875000000e+02
-8.216780090332031250e+01
-5.594447021484375000e+02
-9.198635864257812500e+01
-6.236610107421875000e+02
-9.960543823242187500e+01
-6.616981201171875000e+02
-1.040414657592773438e+02
-6.644750976562500000e+02
-1.037628326416015625e+02
-6.241906127929687500e+02
-9.706520080566406250e+01
-5.376722412109375000e+02
-8.655402374267578125e+01
-4.653469238281250000e+02
-7.980780029296875000e+01
-3.619497680664062500e+02
-7.428924560546875000e+01
-1.260604171752929688e+02
-2.611546707153320312e+01
-1.909767608642578125e+02
-4.168043518066406250e+01
-1.976727752685546875e+02
-5.032739257812500000e+01
-1.893494262695312500e+02
-5.168972778320312500e+01
-1.825615081787109375e+02
-5.214913558959960938e+01
-1.780843048095703125e+02
-5.352424621582031250e+01
-1.873013153076171875e+02
-5.675448608398437500e+01
-2.119169006347656250e+02
-6.123812103271484375e+01
-2.420224914550781250e+02
-6.602410888671875000e+01
-2.679831848144531250e+02
-7.077555847167968750e+01
-2.975969848632812500e+02
-7.390036010742187500e+01
-3.171986694335937500e+02
-7.336898040771484375e+01
-3.204366455078125000e+02
-7.081769561767578125e+01
-3.152421569824218750e+02
-6.660217285156250000e+01
-3.097084045410156250e+02
-6.151737213134765625e+01
-3.073425598144531250e+02
-5.783624267578125000e+01
-3.205468444824218750e+02
-5.850727844238281250e+01
-3.512739257812500000e+02
-6.419975280761718750e+01
-4.033297424316406250e+02
-7.297677612304687500e+01
-4.661701354980468750e+02
-8.200276184082031250e+01
-5.341159667968750000e+02
-9.085644531250000000e+01
-5.979395751953125000e+02
-9.789460754394531250e+01
-6.372797851562500000e+02
-1.025975112915039062e+02
-6.432407836914062500e+02
-1.024193344116210938e+02
-6.114854736328125000e+02
-9.577816772460937500e+01
-5.304377441406250000e+02
-8.546464538574218750e+01
-4.626153869628906250e+02
-7.904112243652343750e+01
-3.590765380859375000e+02
-7.360733032226562500e+01
-1.051374206542968750e+02
-2.172554969787597656e+01
-1.636844482421875000e+02
-3.442788696289062500e+01
-1.628433074951171875e+02
-4.003229904174804688e+01
-1.513452453613281250e+02
-3.792049789428710938e+01
-1.399516906738281250e+02
-3.613309478759765625e+01
-1.334403076171875000e+02
-3.742384338378906250e+01
-1.445235900878906250e+02
-4.205849075317382812e+01
-1.678222351074218750e+02
-4.897200775146484375e+01
-1.968931884765625000e+02
-5.682667922973632812e+01
-2.317034606933593750e+02
-6.444357299804687500e+01
-2.605775756835937500e+02
-6.844633483886718750e+01
-2.821370849609375000e+02
-6.935132598876953125e+01
-2.980179443359375000e+02
-6.842629241943359375e+01
-3.004544677734375000e+02
-6.567274475097656250e+01
-2.989241027832031250e+02
-6.158932495117187500e+01
-2.896886901855468750e+02
-5.784125137329101562e+01
-2.934232177734375000e+02
-5.812119674682617188e+01
-3.172243957519531250e+02
-6.253364181518554688e+01
-3.594979248046875000e+02
-6.932812500000000000e+01
-4.163574829101562500e+02
-7.724461364746093750e+01
-4.815154418945312500e+02
-8.529503631591796875e+01
-5.452063598632812500e+02
-9.262524414062500000e+01
-5.878304443359375000e+02
-9.804878234863281250e+01
-5.987261962890625000e+02
-9.820335388183593750e+01
-5.786311035156250000e+02
-9.117530059814453125e+01
-5.079593811035156250e+02
-8.127293395996093750e+01
-4.385863037109375000e+02
-7.507779693603515625e+01
-3.399829406738281250e+02
-7.000457763671875000e+01
-8.681723785400390625e+01
-1.742820358276367188e+01
-1.357683715820312500e+02
-2.676577186584472656e+01
-1.283425598144531250e+02
-2.969171333312988281e+01
-1.126631774902343750e+02
-2.469833564758300781e+01
-1.016716079711914062e+02
-2.072723579406738281e+01
-9.986665344238281250e+01
-2.134470367431640625e+01
-1.084468002319335938e+02
-2.576032638549804688e+01
-1.214495544433593750e+02
-3.320187377929687500e+01
-1.488943939208984375e+02
-4.324137496948242188e+01
-1.819761352539062500e+02
-5.324566650390625000e+01
-2.085978088378906250e+02
-5.933115005493164062e+01
-2.349375000000000000e+02
-6.218923187255859375e+01
-2.598149414062500000e+02
-6.339834594726562500e+01
-2.691303100585937500e+02
-6.243158340454101562e+01
-2.668537902832031250e+02
-6.010501480102539062e+01
-2.576001586914062500e+02
-5.746524047851562500e+01
-2.566660766601562500e+02
-5.734914779663085938e+01
-2.697654418945312500e+02
-5.941907882690429688e+01
-3.002387390136718750e+02
-6.410818481445312500e+01
-3.457522583007812500e+02
-7.023301696777343750e+01
-4.024314575195312500e+02
-7.746681213378906250e+01
-4.631633911132812500e+02
-8.476403045654296875e+01
-5.106298217773437500e+02
-9.103073120117187500e+01
-5.294002685546875000e+02
-9.175358581542968750e+01
-5.207088012695312500e+02
-8.488671112060546875e+01
-4.621649780273437500e+02
-7.474915313720703125e+01
-3.973841552734375000e+02
-6.798971557617187500e+01
-3.033574218750000000e+02
-6.316944503784179688e+01
-7.014895629882812500e+01
-1.355969238281250000e+01
-1.078946838378906250e+02
-1.985564231872558594e+01
-9.787738037109375000e+01
-1.988502502441406250e+01
-8.320610809326171875e+01
-1.566160583496093750e+01
-7.492871093750000000e+01
-1.230331802368164062e+01
-7.463809204101562500e+01
-1.098211860656738281e+01
-7.863017272949218750e+01
-1.264949512481689453e+01
-8.605160522460937500e+01
-2.062876319885253906e+01
-1.043323211669921875e+02
-3.105394744873046875e+01
-1.301192474365234375e+02
-4.300166320800781250e+01
-1.537467956542968750e+02
-5.106418609619140625e+01
-1.841602783203125000e+02
-5.655128479003906250e+01
-2.160913696289062500e+02
-6.079578399658203125e+01
-2.275966339111328125e+02
-6.267124176025390625e+01
-2.222843322753906250e+02
-6.245045852661132812e+01
-2.159911346435546875e+02
-6.084486007690429688e+01
-2.131263122558593750e+02
-5.948917770385742188e+01
-2.232107391357421875e+02
-6.025907897949218750e+01
-2.392327270507812500e+02
-6.261420822143554688e+01
-2.711822509765625000e+02
-6.667289733886718750e+01
-3.198918762207031250e+02
-7.211257934570312500e+01
-3.714823608398437500e+02
-7.860446166992187500e+01
-4.085107421875000000e+02
-8.483460998535156250e+01
-4.339429321289062500e+02
-8.637663269042968750e+01
-4.357879028320312500e+02
-7.979203033447265625e+01
-3.890034179687500000e+02
-6.926261901855468750e+01
-3.401013793945312500e+02
-6.090797424316406250e+01
-2.599663085937500000e+02
-5.561215591430664062e+01
-5.826092529296875000e+01
-1.118210029602050781e+01
-8.584648132324218750e+01
-1.395162677764892578e+01
-7.414073944091796875e+01
-1.370101737976074219e+01
-6.723420715332031250e+01
-1.099117279052734375e+01
-6.149407958984375000e+01
-7.466942310333251953e+00
-5.756531906127929688e+01
-5.952125549316406250e+00
-5.618060302734375000e+01
-6.447581291198730469e+00
-6.261752319335937500e+01
-1.273362922668457031e+01
-7.319846343994140625e+01
-2.403074264526367188e+01
-9.049543762207031250e+01
-3.716454315185546875e+01
-1.119044952392578125e+02
-4.888994598388671875e+01
-1.409884948730468750e+02
-5.814756393432617188e+01
-1.731843872070312500e+02
-6.511046600341796875e+01
-1.875032653808593750e+02
-6.907669067382812500e+01
-1.901245422363281250e+02
-7.044067382812500000e+01
-1.866696624755859375e+02
-7.018760681152343750e+01
-1.874850463867187500e+02
-6.897356414794921875e+01
-1.941414947509765625e+02
-6.926921081542968750e+01
-2.058984527587890625e+02
-7.108998107910156250e+01
-2.266956634521484375e+02
-7.371303558349609375e+01
-2.543673095703125000e+02
-7.616793823242187500e+01
-2.851274719238281250e+02
-7.990579223632812500e+01
-3.028812255859375000e+02
-8.446254730224609375e+01
-3.175632934570312500e+02
-8.588963317871093750e+01
-3.230023193359375000e+02
-7.956473541259765625e+01
-2.944034423828125000e+02
-6.803116607666015625e+01
-2.674978027343750000e+02
-5.652719879150390625e+01
-2.224871978759765625e+02
-5.021456146240234375e+01
-5.234227752685546875e+01
-8.794346809387207031e+00
-7.188897705078125000e+01
-1.130586719512939453e+01
-6.207676315307617188e+01
-9.947980880737304688e+00
-6.007655334472656250e+01
-7.926264286041259766e+00
-5.341747283935546875e+01
-6.017706871032714844e+00
-4.714099121093750000e+01
-5.074681282043457031e+00
-4.662913513183593750e+01
-5.549446582794189453e+00
-5.315038299560546875e+01
-1.064164543151855469e+01
-5.946913146972656250e+01
-2.220562362670898438e+01
-7.585951232910156250e+01
-3.676231384277343750e+01
-1.000285339355468750e+02
-5.112788772583007812e+01
-1.328451538085937500e+02
-6.167675399780273438e+01
-1.630670471191406250e+02
-6.942627716064453125e+01
-1.837332763671875000e+02
-7.443672180175781250e+01
-1.879841308593750000e+02
-7.640200805664062500e+01
-1.853662109375000000e+02
-7.694052124023437500e+01
-1.865310668945312500e+02
-7.700711059570312500e+01
-1.920407257080078125e+02
-7.749157714843750000e+01
-2.014326934814453125e+02
-7.859381103515625000e+01
-2.116907196044921875e+02
-8.021476745605468750e+01
-2.288820190429687500e+02
-8.101429748535156250e+01
-2.492546691894531250e+02
-8.277812957763671875e+01
-2.610183715820312500e+02
-8.551550292968750000e+01
-2.593468933105468750e+02
-8.636734008789062500e+01
-2.432711639404296875e+02
-8.064832305908203125e+01
-2.244673919677734375e+02
-6.827617645263671875e+01
-2.087460327148437500e+02
-5.407403564453125000e+01
-1.855292358398437500e+02
-4.728327941894531250e+01
-4.846422195434570312e+01
-7.429023742675781250e+00
-6.704738616943359375e+01
-9.130767822265625000e+00
-5.704235839843750000e+01
-7.143972396850585938e+00
-5.552038574218750000e+01
-5.983539104461669922e+00
-4.597895812988281250e+01
-5.214230060577392578e+00
-4.072377777099609375e+01
-4.692538261413574219e+00
-4.190600585937500000e+01
-5.573580741882324219e+00
-4.844929504394531250e+01
-1.026455879211425781e+01
-6.252545928955078125e+01
-2.193938827514648438e+01
-8.574163818359375000e+01
-3.455845642089843750e+01
-1.106219253540039062e+02
-4.668131256103515625e+01
-1.377952575683593750e+02
-5.719653320312500000e+01
-1.629805755615234375e+02
-6.496174621582031250e+01
-1.785110473632812500e+02
-6.988835144042968750e+01
-1.904248657226562500e+02
-7.232582092285156250e+01
-1.949192199707031250e+02
-7.227326965332031250e+01
-1.915916442871093750e+02
-7.248288726806640625e+01
-1.913315734863281250e+02
-7.263735961914062500e+01
-1.979205017089843750e+02
-7.410072326660156250e+01
-2.055046081542968750e+02
-7.593932342529296875e+01
-2.109630737304687500e+02
-7.727919006347656250e+01
-2.148563537597656250e+02
-7.828916931152343750e+01
-2.131908416748046875e+02
-7.832678222656250000e+01
-2.137738952636718750e+02
-7.741567993164062500e+01
-2.051533203125000000e+02
-7.259484863281250000e+01
-1.832650146484375000e+02
-6.056710433959960938e+01
-1.774292602539062500e+02
-5.042668914794921875e+01
-1.565523834228515625e+02
-4.724300765991210938e+01
-4.064668273925781250e+01
-1.057260322570800781e+01
-5.946942138671875000e+01
-8.643344879150390625e+00
-4.635993194580078125e+01
-7.797411918640136719e+00
-4.758179473876953125e+01
-6.649247169494628906e+00
-4.441981506347656250e+01
-5.661825180053710938e+00
-4.226444625854492188e+01
-5.251103401184082031e+00
-4.065622711181640625e+01
-5.978048324584960938e+00
-4.162205886840820312e+01
-1.167344093322753906e+01
-5.104851531982421875e+01
-2.058185577392578125e+01
-7.153688049316406250e+01
-2.991716575622558594e+01
-9.815497589111328125e+01
-3.992644119262695312e+01
-1.192849121093750000e+02
-4.844053649902343750e+01
-1.351238708496093750e+02
-5.486217498779296875e+01
-1.488235473632812500e+02
-5.930427551269531250e+01
-1.598694763183593750e+02
-6.174200057983398438e+01
-1.623316650390625000e+02
-6.194722747802734375e+01
-1.614214782714843750e+02
-6.196984100341796875e+01
-1.604211883544921875e+02
-6.283741378784179688e+01
-1.609159240722656250e+02
-6.399629211425781250e+01
-1.627791137695312500e+02
-6.560562896728515625e+01
-1.653929748535156250e+02
-6.627410125732421875e+01
-1.663613281250000000e+02
-6.665066528320312500e+01
-1.605652313232421875e+02
-6.623773193359375000e+01
-1.552629394531250000e+02
-6.512948608398437500e+01
-1.592128295898437500e+02
-6.091647338867187500e+01
-1.518139038085937500e+02
-5.396586608886718750e+01
-1.404972381591796875e+02
-4.725567626953125000e+01
-1.238073272705078125e+02
-4.622011184692382812e+01
-2.917196083068847656e+01
-1.469104375000000000e+05
-4.383355331420898438e+01
-1.837884062500000000e+05
-3.053691291809082031e+01
-1.188739218750000000e+05
-2.004363632202148438e+01
-1.014803281250000000e+05
-1.363146209716796875e+01
-9.602946875000000000e+04
-6.966096401214599609e+00
-6.337371093750000000e+04
-4.323484420776367188e+00
-3.049529492187500000e+04
-2.979824542999267578e+00
-1.508675488281250000e+04
-2.395247936248779297e+00
-1.354880273437500000e+04
-2.665914535522460938e+00
-1.481300976562500000e+04
-2.781175374984741211e+00
-1.615781445312500000e+04
-3.674603700637817383e+00
-2.236885156250000000e+04
-2.376024246215820312e+01
-4.525251562500000000e+04
-5.986836242675781250e+01
-1.589140156250000000e+05
-3.472619247436523438e+01
-1.045388125000000000e+05
-5.915907669067382812e+01
-1.822503750000000000e+05
-5.456137084960937500e+01
-1.716243906250000000e+05
-4.449317169189453125e+01
-1.848175937500000000e+05
-3.004906845092773438e+01
-1.912429687500000000e+05
-1.449240875244140625e+01
-1.089558437500000000e+05
-5.751688480377197266e+00
-3.503549609375000000e+04
-3.755939960479736328e+00
-1.440741210937500000e+04
-8.548504114151000977e-01
-6.006770507812500000e+03
-9.298714399337768555e-01
-8.492951171875000000e+03
-3.117307186126708984e+00
-1.617173242187500000e+04
-4.662869930267333984e+00
-2.384056640625000000e+04
-3.615801239013671875e+01
-1.262290781250000000e+05
-8.244463348388671875e+01
-2.806610625000000000e+05
-4.527478408813476562e+01
-1.160700703125000000e+05
-7.145883941650390625e+01
-1.790341406250000000e+05
-6.439353942871093750e+01
-1.922271562500000000e+05
-5.280190277099609375e+01
-2.240419218750000000e+05
-3.659001922607421875e+01
-2.045234843750000000e+05
-1.572453117370605469e+01
-7.728606250000000000e+04
-4.938159942626953125e+00
-1.854750976562500000e+04
-1.975900411605834961e+00
-5.928955078125000000e+03
1.844420909881591797e+00
-4.038187011718750000e+03
1.277632713317871094e+00
-5.345826171875000000e+03
-2.755375862121582031e+00
-5.041497558593750000e+03
-5.309715270996093750e+00
-1.764855078125000000e+04
-2.502518463134765625e+01
-1.240808281250000000e+05
-5.323406219482421875e+01
-2.612974218750000000e+05
-5.831674194335937500e+01
-1.448187031250000000e+05
-9.263998413085937500e+01
-2.136963750000000000e+05
-7.616171264648437500e+01
-2.202846875000000000e+05
-5.745336151123046875e+01
-2.550805000000000000e+05
-4.328694915771484375e+01
-2.360030312500000000e+05
-1.780866241455078125e+01
-7.430871875000000000e+04
-5.162359237670898438e+00
-1.335278515625000000e+04
-3.636904716491699219e+00
-1.038919335937500000e+04
-1.167883276939392090e+00
-7.114554687500000000e+03
-1.435912370681762695e+00
-6.103321289062500000e+03
-4.235909461975097656e+00
-1.391750976562500000e+04
-4.509295463562011719e+00
-1.967052734375000000e+04
-1.271053981781005859e+01
-5.302177734375000000e+04
-2.330773544311523438e+01
-1.211088750000000000e+05
-6.936668395996093750e+01
-1.987622656250000000e+05
-1.166824493408203125e+02
-3.052035937500000000e+05
-9.540146636962890625e+01
-2.921730625000000000e+05
-6.682572937011718750e+01
-2.821536250000000000e+05
-5.206761932373046875e+01
-2.800461875000000000e+05
-2.786358261108398438e+01
-1.522761250000000000e+05
-1.093207740783691406e+01
-7.028985937500000000e+04
-3.927583932876586914e+00
-9.923421875000000000e+03
-2.896461009979248047e+00
-1.009809179687500000e+04
-2.504888057708740234e+00
-1.285830664062500000e+04
-2.833745718002319336e+00
-1.787486718750000000e+04
-4.937915325164794922e+00
-3.263367382812500000e+04
-1.949304389953613281e+01
-6.966557812500000000e+04
-3.143731689453125000e+01
-1.491665000000000000e+05
-7.737219238281250000e+01
-2.404899687500000000e+05
-1.341112365722656250e+02
-3.755389062500000000e+05
-1.070289916992187500e+02
-3.636978125000000000e+05
-7.151091003417968750e+01
-3.283946250000000000e+05
-5.558084869384765625e+01
-3.255041875000000000e+05
-3.616165542602539062e+01
-2.266150781250000000e+05
-2.202583503723144531e+01
-1.514372968750000000e+05
-1.269549369812011719e+01
-8.373582812500000000e+04
-4.742645263671875000e+00
-2.525898828125000000e+04
-3.276448488235473633e+00
-1.649669726562500000e+04
-7.893065452575683594e+00
-4.753759765625000000e+04
-2.431834602355957031e+01
-1.177510312500000000e+05
-4.342157745361328125e+01
-1.788001875000000000e+05
-4.539645004272460938e+01
-2.246162187500000000e+05
-8.497596740722656250e+01
-2.717224687500000000e+05
-1.478599548339843750e+02
-4.158065000000000000e+05
-1.141975555419921875e+02
-4.011257500000000000e+05
-7.805516052246093750e+01
-3.885692812500000000e+05
-6.106830596923828125e+01
-3.801426875000000000e+05
-4.196817779541015625e+01
-2.852246250000000000e+05
-2.817945098876953125e+01
-1.896870312500000000e+05
-1.994951629638671875e+01
-1.321919843750000000e+05
-1.283409595489501953e+01
-7.489245312500000000e+04
-1.637401771545410156e+01
-9.139514062500000000e+04
-4.839801788330078125e+01
-1.724594062500000000e+05
-8.744114685058593750e+01
-2.324913750000000000e+05
-1.005012893676757812e+02
-2.581868750000000000e+05
-7.935073852539062500e+01
-3.034515312500000000e+05
-8.855615234375000000e+01
-2.759089687500000000e+05
-1.486050567626953125e+02
-4.000309375000000000e+05
-1.129419860839843750e+02
-3.824253437500000000e+05
-8.032434082031250000e+01
-4.152126250000000000e+05
-6.644104766845703125e+01
-4.433827500000000000e+05
-4.961382293701171875e+01
-3.578985625000000000e+05
-3.592257690429687500e+01
-2.463013593750000000e+05
-2.744035339355468750e+01
-1.754489687500000000e+05
-2.909605789184570312e+01
-1.561643750000000000e+05
-6.280867004394531250e+01
-2.377992812500000000e+05
-1.279612808227539062e+02
-3.015430937500000000e+05
-1.875425720214843750e+02
-3.118287187500000000e+05
-1.963258666992187500e+02
-3.133245312500000000e+05
-1.401609191894531250e+02
-3.707730625000000000e+05
-8.151087951660156250e+01
-2.442790781250000000e+05
-1.326580200195312500e+02
-3.404030625000000000e+05
-1.019369506835937500e+02
-3.439303437500000000e+05
-7.291578674316406250e+01
-3.861032187500000000e+05
-6.538716888427734375e+01
-4.415013750000000000e+05
-5.561141204833984375e+01
-3.921519375000000000e+05
-4.748362731933593750e+01
-3.179730000000000000e+05
-4.060654449462890625e+01
-2.394156093750000000e+05
-4.995216369628906250e+01
-2.401755156250000000e+05
-1.070637435913085938e+02
-3.155518750000000000e+05
-2.050288238525390625e+02
-3.584380625000000000e+05
-2.840213012695312500e+02
-3.895378750000000000e+05
-2.911570434570312500e+02
-3.781915000000000000e+05
-2.023707733154296875e+02
-4.235256875000000000e+05
-6.541707611083984375e+01
-1.792275000000000000e+05
-1.052617874145507812e+02
-2.600256875000000000e+05
-7.917240142822265625e+01
-2.847787500000000000e+05
-5.884276199340820312e+01
-3.289410000000000000e+05
-6.142045593261718750e+01
-3.920980000000000000e+05
-6.015139770507812500e+01
-3.909308125000000000e+05
-5.630873870849609375e+01
-3.830282187500000000e+05
-5.365390014648437500e+01
-3.503339062500000000e+05
-7.180876922607421875e+01
-3.274835312500000000e+05
-1.405046234130859375e+02
-3.190862812500000000e+05
-2.551285400390625000e+02
-3.673456875000000000e+05
-3.471620483398437500e+02
-4.480688125000000000e+05
-3.526918945312500000e+02
-4.568265000000000000e+05
-2.411819305419921875e+02
-4.906826875000000000e+05
-4.760322570800781250e+01
-1.122274062500000000e+05
-7.030771636962890625e+01
-1.691247500000000000e+05
-4.643898010253906250e+01
-1.780077500000000000e+05
-3.965916061401367188e+01
-2.475384375000000000e+05
-4.979978942871093750e+01
-3.460540000000000000e+05
-5.334927368164062500e+01
-3.880142812500000000e+05
-5.103765106201171875e+01
-4.140053125000000000e+05
-5.317954254150390625e+01
-4.307895000000000000e+05
-7.993737792968750000e+01
-3.869158125000000000e+05
-1.489411010742187500e+02
-3.328517812500000000e+05
-2.518852844238281250e+02
-3.291442500000000000e+05
-3.366475524902343750e+02
-4.166324375000000000e+05
-3.381011962890625000e+02
-4.543703125000000000e+05
-2.281307373046875000e+02
-4.950961250000000000e+05
-2.947491645812988281e+01
-6.381842187500000000e+04
-3.445760345458984375e+01
-8.791992187500000000e+04
-1.874160003662109375e+01
-8.736047656250000000e+04
-1.673308181762695312e+01
-1.101910390625000000e+05
-2.383888435363769531e+01
-1.818153437500000000e+05
-3.259918975830078125e+01
-2.289060312500000000e+05
-3.719851684570312500e+01
-2.809527500000000000e+05
-3.862304687500000000e+01
-3.243867812500000000e+05
-5.721371841430664062e+01
-2.814618750000000000e+05
-1.056180877685546875e+02
-2.298191250000000000e+05
-1.735341186523437500e+02
-2.088215000000000000e+05
-2.367619781494140625e+02
-3.014790312500000000e+05
-2.405107421875000000e+02
-3.815455000000000000e+05
-1.730043640136718750e+02
-4.955280000000000000e+05
-1.596076774597167969e+01
-3.757376171875000000e+04
-1.688304901123046875e+01
-5.544400781250000000e+04
-1.136595535278320312e+01
-6.782055468750000000e+04
-1.355221557617187500e+01
-7.675348437500000000e+04
-2.468181800842285156e+01
-1.338728750000000000e+05
-3.962197494506835938e+01
-1.842353906250000000e+05
-5.115600585937500000e+01
-2.166006093750000000e+05
-5.741381072998046875e+01
-2.486924687500000000e+05
-6.369664001464843750e+01
-2.497723437500000000e+05
-7.998999786376953125e+01
-2.317021250000000000e+05
-1.082081756591796875e+02
-2.212064062500000000e+05
-1.373259887695312500e+02
-2.797617500000000000e+05
-1.402911376953125000e+02
-4.384071250000000000e+05
-1.237382812500000000e+02
-5.734817500000000000e+05
-1.406386566162109375e+01
-2.764876171875000000e+04
-1.960890007019042969e+01
-4.691246875000000000e+04
-1.543839645385742188e+01
-6.598848437500000000e+04
-1.978249740600585938e+01
-9.297080468750000000e+04
-3.407504653930664062e+01
-1.402104062500000000e+05
-4.925982666015625000e+01
-1.770417500000000000e+05
-5.930877685546875000e+01
-1.851969375000000000e+05
-6.454357910156250000e+01
-1.934190468750000000e+05
-6.996884155273437500e+01
-2.209159843750000000e+05
-7.649433135986328125e+01
-2.464284843750000000e+05
-8.532235717773437500e+01
-2.370406250000000000e+05
-9.505976867675781250e+01
-2.819932812500000000e+05
-9.634054565429687500e+01
-4.280649375000000000e+05
-9.629259490966796875e+01
-5.446437500000000000e+05
-3.519721984863281250e+01
-3.511474227905273438e+01
-3.501105499267578125e+01
-3.601372528076171875e+01
-3.536553955078125000e+01
-3.604753112792968750e+01
-4.627497863769531250e+01
-4.592586517333984375e+01
-4.659502410888671875e+01
-4.715587615966796875e+01
-4.704854583740234375e+01
-4.634035491943359375e+01
-4.651850891113281250e+01
-4.515876007080078125e+01
-4.704725265502929688e+01
-4.712018203735351562e+01
-4.722872543334960938e+01
-4.638091278076171875e+01
-4.596266937255859375e+01
-4.356301879882812500e+01
-4.664823532104492188e+01
-4.654563140869140625e+01
-4.662700271606445312e+01
-4.609632492065429688e+01
-4.399622344970703125e+01
-4.172492599487304688e+01
-4.383364105224609375e+01
-4.415535736083984375e+01
-4.527682495117187500e+01
-4.423158264160156250e+01
-4.358418273925781250e+01
-4.173615646362304688e+01
-4.283669662475585938e+01
-4.376174926757812500e+01
-4.515225219726562500e+01
-4.372846603393554688e+01
-4.187781524658203125e+01
-4.109748458862304688e+01
-4.011540222167968750e+01
-4.094670867919921875e+01
-4.224167633056640625e+01
-4.273332214355468750e+01
-4.900447845458984375e+01
-4.868701934814453125e+01
-4.761655426025390625e+01
-4.858825683593750000e+01
-4.774041748046875000e+01
-4.924859619140625000e+01
-6.494690704345703125e+01
-6.596782684326171875e+01
-6.594779205322265625e+01
-6.526685333251953125e+01
-6.562077331542968750e+01
-6.413435363769531250e+01
-6.511367034912109375e+01
-6.531607055664062500e+01
-6.783978271484375000e+01
-6.728656005859375000e+01
-6.624512481689453125e+01
-6.446270751953125000e+01
-6.406263732910156250e+01
-6.330173492431640625e+01
-6.688134765625000000e+01
-6.574561309814453125e+01
-6.558644866943359375e+01
-6.365948104858398438e+01
-6.087454986572265625e+01
-6.036940002441406250e+01
-6.359003067016601562e+01
-6.183485412597656250e+01
-6.374222946166992188e+01
-6.112322235107421875e+01
-6.104454040527343750e+01
-6.073057556152343750e+01
-6.294238281250000000e+01
-6.135487747192382812e+01
-6.398506164550781250e+01
-6.079754257202148438e+01
-5.776451110839843750e+01
-5.848081588745117188e+01
-5.827351379394531250e+01
-5.855046081542968750e+01
-5.956186676025390625e+01
-5.983946990966796875e+01
-4.981136322021484375e+01
-4.995141220092773438e+01
-4.859604644775390625e+01
-4.972202301025390625e+01
-4.929036712646484375e+01
-5.015739440917968750e+01
-6.491434478759765625e+01
-6.625343322753906250e+01
-6.634183502197265625e+01
-6.501221466064453125e+01
-6.617419433593750000e+01
-6.378545761108398438e+01
-6.386298370361328125e+01
-6.453330230712890625e+01
-6.780033111572265625e+01
-6.594871520996093750e+01
-6.541786193847656250e+01
-6.279174804687500000e+01
-6.356068038940429688e+01
-6.336706542968750000e+01
-6.799159240722656250e+01
-6.615605163574218750e+01
-6.601429748535156250e+01
-6.301119232177734375e+01
-6.172022247314453125e+01
-6.251737213134765625e+01
-6.661183166503906250e+01
-6.444001007080078125e+01
-6.526278686523437500e+01
-6.166029357910156250e+01
-6.200580978393554688e+01
-6.214452362060546875e+01
-6.539952087402343750e+01
-6.397699737548828125e+01
-6.512026977539062500e+01
-6.083954620361328125e+01
-5.743716430664062500e+01
-5.849192047119140625e+01
-5.976418304443359375e+01
-5.926988983154296875e+01
-5.977127838134765625e+01
-5.909132766723632812e+01
-4.935466766357421875e+01
-4.985705184936523438e+01
-4.836212921142578125e+01
-4.934632110595703125e+01
-4.948955535888671875e+01
-5.020501708984375000e+01
-6.337580871582031250e+01
-6.437153625488281250e+01
-6.478643798828125000e+01
-6.330567169189453125e+01
-6.509323120117187500e+01
-6.296751785278320312e+01
-6.258103179931640625e+01
-6.263117218017578125e+01
-6.521651458740234375e+01
-6.379175186157226562e+01
-6.427053833007812500e+01
-6.170943832397460938e+01
-6.288442993164062500e+01
-6.227119445800781250e+01
-6.542536926269531250e+01
-6.440570068359375000e+01
-6.416641998291015625e+01
-6.239118194580078125e+01
-6.312446212768554688e+01
-6.337322235107421875e+01
-6.599098205566406250e+01
-6.494418334960937500e+01
-6.581497192382812500e+01
-6.243431854248046875e+01
-6.253695678710937500e+01
-6.252435302734375000e+01
-6.509853363037109375e+01
-6.382220458984375000e+01
-6.498719787597656250e+01
-6.104578018188476562e+01
-5.781237792968750000e+01
-5.756600952148437500e+01
-5.962004089355468750e+01
-5.824880981445312500e+01
-5.899861907958984375e+01
-5.816989135742187500e+01
-4.894461441040039062e+01
-4.938408660888671875e+01
-4.780987548828125000e+01
-4.896287536621093750e+01
-4.879917144775390625e+01
-5.017547607421875000e+01
-6.370745468139648438e+01
-6.427647399902343750e+01
-6.481790161132812500e+01
-6.416502380371093750e+01
-6.532682800292968750e+01
-6.315499114990234375e+01
-6.195726013183593750e+01
-6.182122039794921875e+01
-6.389122009277343750e+01
-6.389535522460937500e+01
-6.426952362060546875e+01
-6.096697998046875000e+01
-6.160125732421875000e+01
-6.135389328002929688e+01
-6.331375885009765625e+01
-6.357654571533203125e+01
-6.371189498901367188e+01
-6.155318450927734375e+01
-6.138289642333984375e+01
-6.129209136962890625e+01
-6.317382431030273438e+01
-6.311071777343750000e+01
-6.393871307373046875e+01
-6.009706497192382812e+01
-6.202008819580078125e+01
-6.167839050292968750e+01
-6.279904937744140625e+01
-6.307901382446289062e+01
-6.377807998657226562e+01
-5.998625564575195312e+01
-5.742641448974609375e+01
-5.665433120727539062e+01
-5.798661804199218750e+01
-5.746365356445312500e+01
-5.797813415527343750e+01
-5.683609008789062500e+01
-4.928672027587890625e+01
-4.920203018188476562e+01
-4.823155975341796875e+01
-4.998028564453125000e+01
-4.897676086425781250e+01
-5.034194183349609375e+01
-6.471293640136718750e+01
-6.443873596191406250e+01
-6.570690917968750000e+01
-6.579574584960937500e+01
-6.585037231445312500e+01
-6.441319274902343750e+01
-6.324550628662109375e+01
-6.214034271240234375e+01
-6.439170837402343750e+01
-6.561817932128906250e+01
-6.495497131347656250e+01
-6.233161163330078125e+01
-6.248385620117187500e+01
-6.192371368408203125e+01
-6.298303985595703125e+01
-6.492200469970703125e+01
-6.423949432373046875e+01
-6.210116577148437500e+01
-6.247103118896484375e+01
-6.154785919189453125e+01
-6.220365905761718750e+01
-6.359207916259765625e+01
