6.097702980041503906e-01 1.387277841567993164e-01 -6.846941113471984863e-01 9.999964237213134766e-01 9.999808073043823242e-01
6.176376938819885254e-01 1.213530078530311584e-01 -6.351143717765808105e-01 9.999898672103881836e-01 9.998757839202880859e-01
6.286873817443847656e-01 1.194664537906646729e-01 -6.344742178916931152e-01 9.999868869781494141e-01 9.998426437377929688e-01
6.377698779106140137e-01 1.181474402546882629e-01 -6.347187161445617676e-01 9.999891519546508789e-01 9.998451471328735352e-01
5.879542231559753418e-01 1.271318495273590088e-01 -6.516544818878173828e-01 9.999923706054687500e-01 9.998916387557983398e-01
5.750800967216491699e-01 1.302718520164489746e-01 -6.515466570854187012e-01 9.999818801879882812e-01 9.998741149902343750e-01
5.646201372146606445e-01 1.335674077272415161e-01 -6.531784534454345703e-01 9.999866485595703125e-01 9.999005794525146484e-01
6.532949209213256836e-01 1.230771765112876892e-01 -3.205870687961578369e-01 9.999229907989501953e-01 9.999516010284423828e-01
5.575568079948425293e-01 1.424170881509780884e-01 -3.900426328182220459e-01 9.999920129776000977e-01 9.999527931213378906e-01
6.338749527931213379e-01 1.544863879680633545e-01 -5.591112971305847168e-01 9.999969005584716797e-01 9.999892711639404297e-01
5.986500978469848633e-01 1.612581461668014526e-01 -5.794030427932739258e-01 9.999918937683105469e-01 9.999840259552001953e-01
7.454558610916137695e-01 2.255813032388687134e-01 1.571771316230297089e-02 9.999953508377075195e-01 9.999958276748657227e-01
5.272562503814697266e-01 2.454235851764678955e-01 -2.712040841579437256e-01 9.999943971633911133e-01 9.999943971633911133e-01
8.464999198913574219e-01 3.361919820308685303e-01 9.141016006469726562e-02 9.040460586547851562e-01 9.999675750732421875e-01
4.886434674263000488e-01 3.839979469776153564e-01 -1.844772994518280029e-01 9.829924702644348145e-01 9.999893903732299805e-01
7.619755864143371582e-01 4.184124171733856201e-01 -2.260783165693283081e-01 8.387709856033325195e-01 9.999582767486572266e-01
4.427188932895660400e-01 5.130130648612976074e-01 -3.826712667942047119e-01 9.862210750579833984e-01 9.999414682388305664e-01
7.382281422615051270e-01 4.429028332233428955e-01 -2.995857894420623779e-01 8.102743029594421387e-01 9.998996257781982422e-01
4.227344989776611328e-01 5.478634238243103027e-01 -4.633591771125793457e-01 9.751636981964111328e-01 9.997006654739379883e-01
7.172278761863708496e-01 4.316816926002502441e-01 -3.615374267101287842e-01 8.249288797378540039e-01 9.999246597290039062e-01
4.381068646907806396e-01 5.536954998970031738e-01 -5.405441522598266602e-01 9.775575399398803711e-01 9.997106194496154785e-01
7.192729711532592773e-01 4.239623546600341797e-01 -2.556729018688201904e-01 7.721244096755981445e-01 9.999445676803588867e-01
4.506234824657440186e-01 5.414868593215942383e-01 -4.128970801830291748e-01 9.647499322891235352e-01 9.998662471771240234e-01
6.576204895973205566e-01 4.847089946269989014e-01 9.929917752742767334e-02 9.999772310256958008e-01 9.999970197677612305e-01
5.347708463668823242e-01 4.719412028789520264e-01 -9.850636124610900879e-02 9.999865293502807617e-01 9.999970197677612305e-01
6.128490567207336426e-01 6.841301321983337402e-01 2.890395559370517731e-02 8.411794900894165039e-01 9.998339414596557617e-01
3.715903759002685547e-01 6.506931185722351074e-01 -2.165094316005706787e-01 9.668135643005371094e-01 9.998132586479187012e-01
5.871757268905639648e-01 8.994713425636291504e-01 2.367518842220306396e-01 9.644696712493896484e-01 9.991922974586486816e-01
1.971258074045181274e-01 8.472982645034790039e-01 -5.916737392544746399e-02 9.725983142852783203e-01 9.990002512931823730e-01
5.548151731491088867e-01 9.302026629447937012e-01 2.400907427072525024e-01 8.386260867118835449e-01 9.975589513778686523e-01
1.959856599569320679e-01 8.712010979652404785e-01 -5.856001004576683044e-02 6.793935298919677734e-01 9.970830082893371582e-01
6.791178584098815918e-01 9.448059201240539551e-01 -1.145294457674026489e-01 9.512984752655029297e-01 9.866829514503479004e-01
