4.827586114406585693e-01 1.097583025693893433e-01 -4.523007571697235107e-01 9.999964237213134766e-01 9.999808073043823242e-01
4.876772761344909668e-01 9.117477387189865112e-02 -4.195489585399627686e-01 9.999898672103881836e-01 9.998757839202880859e-01
4.949455559253692627e-01 8.905585855245590210e-02 -4.191260933876037598e-01 9.999868869781494141e-01 9.998426437377929688e-01
5.009235739707946777e-01 8.756092190742492676e-02 -4.192875921726226807e-01 9.999891519546508789e-01 9.998451471328735352e-01
4.681633710861206055e-01 9.762410074472427368e-02 -4.304751753807067871e-01 9.999923706054687500e-01 9.998916387557983398e-01
4.597100317478179932e-01 1.010961458086967468e-01 -4.304039478302001953e-01 9.999818801879882812e-01 9.998741149902343750e-01
4.528537988662719727e-01 1.047099083662033081e-01 -4.314818978309631348e-01 9.999866485595703125e-01 9.999005794525146484e-01
5.112569332122802734e-01 9.265749156475067139e-02 -2.117759883403778076e-01 9.999229907989501953e-01 9.999516010284423828e-01
4.483299255371093750e-01 1.142055690288543701e-01 -2.576574981212615967e-01 9.999920129776000977e-01 9.999527931213378906e-01
4.989320933818817139e-01 1.263033747673034668e-01 -3.693422377109527588e-01 9.999969005584716797e-01 9.999892711639404297e-01
4.757739305496215820e-01 1.338651925325393677e-01 -3.827467262744903564e-01 9.999918937683105469e-01 9.999840259552001953e-01
5.737698674201965332e-01 2.009183317422866821e-01 1.038293354213237762e-02 9.999953508377075195e-01 9.999958276748657227e-01
4.299633800983428955e-01 2.242160737514495850e-01 -1.791541874408721924e-01 9.999943971633911133e-01 9.999943971633911133e-01
6.422798633575439453e-01 3.177251517772674561e-01 6.038445979356765747e-02 9.040460586547851562e-01 9.999675750732421875e-01
4.066753685474395752e-01 3.721915781497955322e-01 -1.218635067343711853e-01 9.829924702644348145e-01 9.999893903732299805e-01
5.877653360366821289e-01 4.061346948146820068e-01 -1.493446379899978638e-01 8.387709856033325195e-01 9.999582767486572266e-01
3.784049153327941895e-01 5.100582242012023926e-01 -2.527880668640136719e-01 9.862210750579833984e-01 9.999414682388305664e-01
5.724714994430541992e-01 4.324544370174407959e-01 -1.979027986526489258e-01 8.102743029594421387e-01 9.998996257781982422e-01
3.657623231410980225e-01 5.473747849464416504e-01 -3.060895502567291260e-01 9.751636981964111328e-01 9.997006654739379883e-01
5.584210753440856934e-01 4.207113385200500488e-01 -2.388273030519485474e-01 8.249288797378540039e-01 9.999246597290039062e-01
3.760092556476593018e-01 5.534339547157287598e-01 -3.570770025253295898e-01 9.775575399398803711e-01 9.997106194496154785e-01
5.596484541893005371e-01 4.124693572521209717e-01 -1.688944697380065918e-01 7.721244096755981445e-01 9.999445676803588867e-01
3.840813934803009033e-01 5.403066873550415039e-01 -2.727548778057098389e-01 9.647499322891235352e-01 9.998662471771240234e-01
5.198976993560791016e-01 4.777807593345642090e-01 6.559585034847259521e-02 9.999772310256958008e-01 9.999970197677612305e-01
4.385496079921722412e-01 4.654005169868469238e-01 -6.507212668657302856e-02 9.999865293502807617e-01 9.999970197677612305e-01
4.935149252414703369e-01 6.906238794326782227e-01 1.909360848367214203e-02 8.411794900894165039e-01 9.998339414596557617e-01
3.336255252361297607e-01 6.574037671089172363e-01 -1.430235505104064941e-01 9.668135643005371094e-01 9.998132586479187012e-01
4.800013303756713867e-01 9.202337861061096191e-01 1.563954651355743408e-01 9.644696712493896484e-01 9.991922974586486816e-01
2.215336412191390991e-01 8.685339689254760742e-01 -3.908526152372360229e-02 9.725983142852783203e-01 9.990002512931823730e-01
4.591182470321655273e-01 9.532859921455383301e-01 1.586010754108428955e-01 8.386260867118835449e-01 9.975589513778686523e-01
2.211628407239913940e-01 8.940036892890930176e-01 -3.868404403328895569e-02 6.793935298919677734e-01 9.970830082893371582e-01
5.414553880691528320e-01 9.676067233085632324e-01 -7.565678656101226807e-02 9.512984752655029297e-01 9.866829514503479004e-01
1.860049664974212646e-01 9.561061263084411621e-01 -2.830652296543121338e-01 9.583588242530822754e-01 9.876891374588012695e-01
4.799541831016540527e-01 4.740462005138397217e-01 -3.839141572825610638e-05 6.086398940396975377e-08 1.000000000000000000e+00
5.172905921936035156e-01 2.901476062834262848e-02 -4.143415018916130066e-03 5.603568098422329058e-08 1.000000000000000000e+00
5.642107129096984863e-01 4.257909357547760010e-01 1.789943897165358067e-03 6.409040054222714389e-08 9.999011754989624023e-01
5.880213379859924316e-01 4.062772393226623535e-01 2.228428376838564873e-03 6.162855470392969437e-08 9.999668598175048828e-01
3.722353875637054443e-01 5.516263842582702637e-01 3.758633101824671030e-04 4.260328623217901622e-08 9.999479055404663086e-01
3.780418038368225098e-01 5.101463794708251953e-01 4.969845991581678391e-03 6.651610107155647711e-08 9.999836683273315430e-01
